3
60
74
84
88
188
246
255
265
273
278
288
347
402
415
428
430
452
458
461
478
489
500
552
578
702
774
785
864
1002
1034
1044
1064
1068
1123
1130
1155
1162
1216
1227
1255
1275
1298
1302
1331
1347
1399
1403
1430
1522
1556
1690
1707
1710
1751
1753
1757
1762
1778
1781
1788
1794
1806
1810
1856
1859
1864
1879
1880
1885
1937
1965
1980
2013
2014
2041
2071
2072
2074
2105
2148
2150
2169
2170
2171
2188
2189
2199
2205
2211
2222
2225
2249
2301
2307
2357
2387
2388
2389
2391
2412
2437
2438
2454
2464
2467
2490
2491
2492
2494
2530
2598
2599
2607
2622
2644
2655
2699
2723
2724
2740
2745
2746
2753
2757
2763
2764
2794
2800
2802
2805
2818
2821
2823
2847
2848
2876
2909
2941
2947
2949
2954
2991
2995
3050
3051
3054
3086
3096
3097
3103
3106
3108
3109
3113
3126
3127
3132
3137
3158
3168
3174
3175
3176
3177
3178
3182
3199
3204
3209
3210
3211
3217
3222
3228
3248
3254
3255
3256
3266
3267
3269
3270
3278
3281
3286
3302
3305
3311
3312
3314
3315
3318
3323
3330
3337
3347
3350
3363
3364
3371
3380
3383
3394
3419
3455
3468
3476
3488
3491
3495
3513
3522
3526
3533
3539
3541
3548
3555
3556
3560
3574
3577
3578
3589
3591
3594
3597
3630
3643
3649
3650
3656
3659
3661
3664
3669
3670
3685
3691
3692
3694
3696
3703
3705
3706
3717
3719
3722
3724
3732
3735
3743
3757
3767
3768
3770
3773
3786
3790
3800
3801
3802
3804
3810
3811
3823
3826
3873
3911
3925
3932
3934
3935
3985
3987
4004
4017
4172
4180
4195
4206
4223
4225
4391
4397
4430
4471
4472
4475
4591
4598
4679
4689
4690
4822
4832
4843
4856
4911
4977
4980
5001
5030
5036
5073
5184
5206
5214
5515
5561
5629
5652
5755
5826
6020
6030
6150
6151
6152
6183
6192
6235
6328
6414
6442
6454
6478
6581
6603
6606
6613
6618
6750
6818
6854
6855
6857
6881
6930
6961
7056
7170
7214
7269
7278
7334
7344
7345
7432
7484
7496
7510
7530
7532
7535
7537
7557
7603
7614
7877
8168
8219
8342
8396
8422
8487
8508
8523
8547
8577
8617
8633
8668
8704
8709
8731
8850
8872
8889
8895
8913
8978
9001
9053
9084
9086
9095
9096
9110
9214
9221
9284
9402
9458
9496
9538
9540
9574
9584
9586
9600
9602
9610
9611
9612
9642
9654
9691
9721
9832
9868
9918
9920
9928
9971
9992
9993
9995
10107
10178
10295
10296
10297
10366
10458
10467
10474
10710
10711
10714
10715
10747
10761
10817
10820
10948
10949
10968
10970
11010
11013
11033
11056
11196
11211
11614
11651
11705
11719
11767
11771
11885
11886
11888
12001
12018
12114
12118
12124
12173
12181
12182
12192
12233
12277
12278
12291
12325
12366
12422
12423
12447
12454
12574
12672
12702
12751
12785
12897
12993
13003
13013
13039
13049
13065
13075
13076
13115
13181
13228
13284
13397
13497
13663
13842
13950
13952
14056
14141
14195
14209
14274
14284
14352
14353
14363
14395
14438
14458
14500
14503
14517
14550
14555
14557
14578
14579
14580
14620
14643
14679
14741
14758
14816
14893
14945
14967
14974
14980
14982
14989
14992
14993
14994
14995
14996
14997
14999
15065
15110
15151
15176
15179
15200
15201
15235
15244
15269
15343
15415
15417
15439
15452
15457
15458
15465
15485
15491
15553
15618
15642
15658
15699
15700
15701
15702
15785
15810
15815
15890
15907
15908
15909
15910
15934
15979
15996
16049
16054
16057
16117
16118
16119
16184
16209
16271
16278
16309
16330
16331
16342
16528
16529
16530
16531
16576
16582
16590
16591
16592
16625
16643
16669
16702
16789
16850
16880
16884
16915
16925
17009
17043
17045
17070
17073
17145
17146
17177
17215
17239
17354
17396
17406
17410
17418
17421
17422
17455
17465
17484
17518
17553
17583
17635
17659
17728
17790
17829
17857
17859
17900
18096
18133
18145
18146
18157
18170
18294
18297
18299
18301
18322
18380
18423
18425
18428
18429
18430
18438
18450
18467
18509
18751
18771
18860
18884
18885
19013
19055
19127
19128
19132
19156
19229
19327
19333
19381
19402
19425
19525
19570
19716
19746
19863
19875
19925
20286
20313
20362
20380
20385
20397
20405
20411
20480
20543
20544
20608
20660
20735
20757
20878
20901
20903
20918
20933
20982
21111
21144
21227
21241
21254
21277
21284
21287
21391
21392
21483
21489
21588
21604
21654
21697
21755
21786
21800
21814
21827
21841
21843
21877
21886
21895
21900
21999
22004
22059
22065
22074
22075
22077
22186
22247
22271
22284
22291
22416
22533
22571
22635
22780
22783
22799
22801
22803
22805
22806
22850
22902
22909
22914
23007
23088
23133
23166
23209
23247
23249
23257
23290
23387
23400
23402
23419
23421
23425
23523
23566
23773
23776
23792
23798
23803
23855
23860
24007
24052
24158
24161
24193
24196
24220
24324
24369
24412
24443
24456
24645
24648
24768
24814
24862
24985
24997
25007
25015
25102
25112
25160
25187
25196
25214
25346
25352
25374
25404
25541
25558
25572
25600
25620
25699
25716
25757
25759
25808
25855
25879
25921
25966
26012
26184
26188
26250
26272
26348
26486
26489
26523
26593
26600
26611
26632
26648
26690
26705
26742
26777
26797
26835
26928
26935
26948
26982
26999
27004
27024
27051
27057
27087
27112
27114
27120
27121
27164
27169
27181
27186
27188
27194
27211
27248
27263
27268
27319
27321
27324
27325
27327
27334
27337
27340
27346
27363
27364
27398
27401
27402
27413
27462
27486
27529
27533
27546
27577
27603
27756
27794
27795
27810
27924
28254
28383
28596
28687
28688
28733
28734
28735
28764
28859
28869
28881
28949
28970
28974
29007
29089
29112
29130
29154
29178
29287
29308
29341
29376
29438
29471
29479
29491
29533
29590
29692
29693
29801
29938
29940
29947
29948
29950
29968
29983
30012
30013
30046
30089
30101
30142
30178
30254
30284
30288
30290
30301
30316
30337
30381
30392
30460
30469
30520
30904
30958
31002
31056
31173
31237
31257
31356
31374
31437
31485
31497
31565
31615
31683
31759
31761
31857
31860
31912
31913
31941
32032
32139
32245
32314
32522
32545
32605
32608
32699
32812
32813
32837
32838
32875
33008
33103
33193
33194
33205
33206
33221
33223
33234
33235
33252
33270
33407
33410
33450
33495
33512
33532
33624
33640
33713
33753
33835
33838
33839
33851
33947
33954
33979
33980
34033
34056
34069
34122
34232
34254
34368
34407
34445
34526
34600
34608
34668
34692
34694
34717
34876
34902
34904
34911
34929
34938
34986
35013
35078
35138
35182
35276
35320
35421
35467
35496
35509
35513
35525
35543
35551
35581
35617
35637
35648
35649
35713
35757
35758
35789
35790
35806
35839
35840
35841
35878
35904
35948
35951
35970
35978
35997
36090
36137
36183
36217
36257
36288
36292
36334
36341
36380
36423
36431
36456
36477
36481
36506
36514
36515
36521
36533
36556
36563
36621
36634
36636
36645
36668
36732
36737
36739
36741
36743
36836
36927
36928
36935
36947
36968
36969
36987
37053
37088
37092
37093
37101
37102
37112
37134
37139
37200
37213
37305
37329
37377
37378
37379
37381
37474
37485
37498
37499
37510
37518
37528
37534
37573
37596
37604
37614
37617
37645
37676
37690
37707
37724
37768
37794
37836
37859
37881
37891
37925
38020
38027
38030
38057
38231
38250
38282
38310
38389
38393
38420
38435
38493
38517
38518
38524
38526
38543
38637
38638
38639
38651
38657
38719
38724
38751
38872
38873
38876
38888
38904
38922
38983
39019
39027
39028
39127
39146
39151
39176
39178
39207
39248
39268
39269
39319
39326
39327
39341
39358
39375
39380
39381
39383
39384
39385
39392
39393
39394
39395
39396
39397
39398
39399
39400
39401
39458
39459
39473
39495
39498
39509
39644
39682
39684
39705
39706
39711
39749
39817
39858
39866
39890
39912
39931
39932
39933
39934
39944
39966
39973
39994
